0 0.0366667  0.000145125
1 0.11  0.000213884
2 0.183333  0.00029067
3 0.256667  0.000392458
4 0.33  0.000527805
5 0.403333  0.000687658
6 0.476667  0.000900446
7 0.55  0.00116756
8 0.623333  0.00148126
9 0.696667  0.00185265
10 0.77  0.00229254
11 0.843333  0.00279984
12 0.916667  0.00337061
13 0.99  0.00402617
14 1.06333  0.00473633
15 1.13667  0.0055897
16 1.21  0.00649036
17 1.28333  0.00747739
18 1.35667  0.00859199
19 1.43  0.00975072
20 1.50333  0.0110179
21 1.57667  0.0123652
22 1.65  0.0138717
23 1.72333  0.0154432
24 1.79667  0.0170591
25 1.87  0.0187902
26 1.94333  0.020607
27 2.01667  0.0225182
28 2.09  0.0245314
29 2.16333  0.0266066
30 2.23667  0.0287876
31 2.31  0.030942
32 2.38333  0.0332284
33 2.45667  0.035543
34 2.53  0.0380016
35 2.60333  0.0405262
36 2.67667  0.0429704
37 2.75  0.0456486
38 2.82333  0.0483135
39 2.89667  0.0509413
40 2.97  0.0537195
41 3.04333  0.0564054
42 3.11667  0.0591453
43 3.19  0.0619067
44 3.26333  0.064633
45 3.33667  0.0674146
46 3.41  0.0702712
47 3.48333  0.072955
48 3.55667  0.0756256
49 3.63  0.0782284
50 3.70333  0.0808088
51 3.77667  0.0833792
52 3.85  0.0860634
53 3.92333  0.0885764
54 3.99667  0.0909358
55 4.07  0.0935116
56 4.14333  0.095837
57 4.21667  0.097993
58 4.29  0.100191
59 4.36333  0.10239
60 4.43667  0.104382
61 4.51  0.106521
62 4.58333  0.108462
63 4.65667  0.110189
64 4.73  0.11202
65 4.80333  0.113807
66 4.87667  0.115234
67 4.95  0.116523
68 5.02333  0.118045
69 5.09667  0.119347
70 5.17  0.120442
71 5.24333  0.12159
72 5.31667  0.122675
73 5.39  0.123573
74 5.46333  0.124616
75 5.53667  0.125336
76 5.61  0.125843
77 5.68333  0.126352
78 5.75667  0.126874
79 5.83  0.127305
80 5.90333  0.127556
81 5.97667  0.127746
82 6.05  0.127981
83 6.12333  0.128006
84 6.19667  0.127994
85 6.27  0.127986
86 6.34333  0.12786
87 6.41667  0.127593
88 6.49  0.127275
89 6.56333  0.12675
90 6.63667  0.126216
91 6.71  0.125824
92 6.78333  0.12533
93 6.85667  0.124734
94 6.93  0.12406
95 7.00333  0.123321
96 7.07667  0.122549
97 7.15  0.12173
98 7.22333  0.120845
99 7.29667  0.119924
100 7.37  0.118955
101 7.44333  0.118005
102 7.51667  0.116849
103 7.59  0.115833
104 7.66333  0.114786
105 7.73667  0.113686
106 7.81  0.112459
107 7.88333  0.111087
108 7.95667  0.109831
109 8.03  0.108623
110 8.10333  0.10754
111 8.17667  0.106077
112 8.25  0.10471
113 8.32333  0.103406
114 8.39667  0.102105
115 8.47  0.100638
116 8.54333  0.0992285
117 8.61667  0.097826
118 8.69  0.096398
119 8.76333  0.0949635
120 8.83667  0.0937097
121 8.91  0.0921546
122 8.98333  0.0907047
123 9.05667  0.0893072
124 9.13  0.0879535
125 9.20333  0.0864533
126 9.27667  0.0849674
127 9.35  0.0836359
128 9.42333  0.0822992
129 9.49667  0.080847
130 9.57  0.0793105
131 9.64333  0.0779751
132 9.71667  0.0763341
133 9.79  0.0749252
134 9.86333  0.0736684
135 9.93667  0.0722803
136 10.01  0.0708876
137 10.0833  0.069576
138 10.1567  0.068271
139 10.23  0.0669991
140 10.3033  0.0656271
141 10.3767  0.0643179
142 10.45  0.063024
143 10.5233  0.0617853
144 10.5967  0.0605447
145 10.67  0.0592634
146 10.7433  0.0580149
147 10.8167  0.0568225
148 10.89  0.0556714
149 10.9633  0.0544622
150 11.0367  0.053324
151 11.11  0.0519598
152 11.1833  0.0509394
153 11.2567  0.0498891
154 11.33  0.0487865
155 11.4033  0.0476883
156 11.4767  0.0466775
157 11.55  0.0456719
158 11.6233  0.0445397
159 11.6967  0.0435654
160 11.77  0.0425139
161 11.8433  0.0416149
162 11.9167  0.0405475
163 11.99  0.0396645
164 12.0633  0.0386569
165 12.1367  0.0377312
166 12.21  0.0368788
167 12.2833  0.0359224
168 12.3567  0.0350585
169 12.43  0.034197
170 12.5033  0.0334379
171 12.5767  0.0325535
172 12.65  0.0317399
173 12.7233  0.0309373
174 12.7967  0.0301728
175 12.87  0.0294338
176 12.9433  0.028709
177 13.0167  0.0279825
178 13.09  0.0272581
179 13.1633  0.0265255
180 13.2367  0.0258507
181 13.31  0.0251933
182 13.3833  0.0245152
183 13.4567  0.023935
184 13.53  0.0233148
185 13.6033  0.0226856
186 13.6767  0.0221078
187 13.75  0.0215478
188 13.8233  0.0209644
189 13.8967  0.0203822
190 13.97  0.019848
191 14.0433  0.0193017
192 14.1167  0.0187951
193 14.19  0.0182612
194 14.2633  0.0177831
195 14.3367  0.0172682
196 14.41  0.0168324
197 14.4833  0.0163681
198 14.5567  0.0159487
199 14.63  0.0154841
200 14.7033  0.0150871
201 14.7767  0.0146472
202 14.85  0.0142798
203 14.9233  0.0138458
204 14.9967  0.0135039
205 15.07  0.0130968
206 15.1433  0.012758
207 15.2167  0.0123941
208 15.29  0.0120498
209 15.3633  0.0116715
210 15.4367  0.0113414
211 15.51  0.0110118
212 15.5833  0.0107201
213 15.6567  0.0103981
214 15.73  0.0101105
215 15.8033  0.00986792
216 15.8767  0.00954672
217 15.95  0.00927217
218 16.0233  0.00904427
219 16.0967  0.00877834
220 16.17  0.00853006
221 16.2433  0.00829078
222 16.3167  0.00801852
223 16.39  0.00776793
224 16.4633  0.00756215
225 16.5367  0.0073526
226 16.61  0.00713913
227 16.6833  0.00692136
228 16.7567  0.00670025
229 16.83  0.00650851
230 16.9033  0.00631575
231 16.9767  0.00615126
232 17.05  0.00599443
233 17.1233  0.00577584
234 17.1967  0.00559949
235 17.27  0.00543835
236 17.3433  0.00530076
237 17.4167  0.00514823
238 17.49  0.00497736
239 17.5633  0.00483658
240 17.6367  0.00466059
241 17.71  0.00452783
242 17.7833  0.00441641
243 17.8567  0.00425865
244 17.93  0.00413041
245 18.0033  0.00402038
246 18.0767  0.00390203
247 18.15  0.00375839
248 18.2233  0.00364166
249 18.2967  0.00355459
250 18.37  0.00344745
251 18.4433  0.00334326
252 18.5167  0.00324577
253 18.59  0.00312971
254 18.6633  0.00303062
255 18.7367  0.00296122
256 18.81  0.00287584
257 18.8833  0.00278657
258 18.9567  0.00268598
259 19.03  0.00260019
260 19.1033  0.00252266
261 19.1767  0.00244613
262 19.25  0.00237083
263 19.3233  0.00228857
264 19.3967  0.00222477
265 19.47  0.0021491
266 19.5433  0.00208077
267 19.6167  0.00200854
268 19.69  0.00196361
269 19.7633  0.00189086
270 19.8367  0.00183137
271 19.91  0.00177337
272 19.9833  0.00169986
273 20.0567  0.00165146
274 20.13  0.00160936
275 20.2033  0.00157449
276 20.2767  0.00151107
277 20.35  0.0014578
278 20.4233  0.00140699
279 20.4967  0.00135658
280 20.57  0.00130941
281 20.6433  0.00128368
282 20.7167  0.00124701
283 20.79  0.00119391
284 20.8633  0.00116255
285 20.9367  0.00113525
286 21.01  0.0010882
287 21.0833  0.00105233
288 21.1567  0.00102293
289 21.23  0.000985634
290 21.3033  0.000958627
291 21.3767  0.000937792
292 21.45  0.000898789
293 21.5233  0.000864246
294 21.5967  0.000831281
295 21.67  0.000794438
296 21.7433  0.000768534
297 21.8167  0.000738501
298 21.89  0.00069326
299 21.9633  0.000593192
