0 0.0366667  4.35289e-05
1 0.11  6.29725e-05
2 0.183333  8.47553e-05
3 0.256667  0.000110862
4 0.33  0.000132447
5 0.403333  0.00016456
6 0.476667  0.000199088
7 0.55  0.000244326
8 0.623333  0.000297333
9 0.696667  0.000360638
10 0.77  0.000441976
11 0.843333  0.000531816
12 0.916667  0.000625934
13 0.99  0.00074911
14 1.06333  0.000873592
15 1.13667  0.00103093
16 1.21  0.00121158
17 1.28333  0.00140382
18 1.35667  0.00162072
19 1.43  0.00187626
20 1.50333  0.00214621
21 1.57667  0.00244347
22 1.65  0.00278419
23 1.72333  0.00311864
24 1.79667  0.00350778
25 1.87  0.00394839
26 1.94333  0.0044112
27 2.01667  0.00489679
28 2.09  0.00542367
29 2.16333  0.00601172
30 2.23667  0.00665694
31 2.31  0.00730072
32 2.38333  0.00801381
33 2.45667  0.00874384
34 2.53  0.0095114
35 2.60333  0.0103636
36 2.67667  0.011235
37 2.75  0.0121706
38 2.82333  0.0131394
39 2.89667  0.0141485
40 2.97  0.0152496
41 3.04333  0.0163292
42 3.11667  0.0175037
43 3.19  0.0187293
44 3.26333  0.0199611
45 3.33667  0.021233
46 3.41  0.0226178
47 3.48333  0.0239354
48 3.55667  0.0253972
49 3.63  0.026861
50 3.70333  0.0283863
51 3.77667  0.0299083
52 3.85  0.0314769
53 3.92333  0.033077
54 3.99667  0.034744
55 4.07  0.0363859
56 4.14333  0.0380525
57 4.21667  0.0397423
58 4.29  0.0414525
59 4.36333  0.0432288
60 4.43667  0.0449172
61 4.51  0.0467274
62 4.58333  0.048579
63 4.65667  0.0503875
64 4.73  0.0521465
65 4.80333  0.0540285
66 4.87667  0.0558895
67 4.95  0.057711
68 5.02333  0.059579
69 5.09667  0.0613734
70 5.17  0.0631197
71 5.24333  0.0649217
72 5.31667  0.0666792
73 5.39  0.0684108
74 5.46333  0.0702015
75 5.53667  0.0720356
76 5.61  0.0738242
77 5.68333  0.0755548
78 5.75667  0.0772227
79 5.83  0.0787603
80 5.90333  0.0802585
81 5.97667  0.0819324
82 6.05  0.083454
83 6.12333  0.0850077
84 6.19667  0.0863603
85 6.27  0.0878267
86 6.34333  0.0892719
87 6.41667  0.090588
88 6.49  0.0920044
89 6.56333  0.0932595
90 6.63667  0.0943235
91 6.71  0.0956342
92 6.78333  0.0968555
93 6.85667  0.0978351
94 6.93  0.0988215
95 7.00333  0.0997969
96 7.07667  0.100823
97 7.15  0.101672
98 7.22333  0.102419
99 7.29667  0.103252
100 7.37  0.103835
101 7.44333  0.104605
102 7.51667  0.105206
103 7.59  0.105765
104 7.66333  0.106398
105 7.73667  0.106875
106 7.81  0.107286
107 7.88333  0.107647
108 7.95667  0.107897
109 8.03  0.108181
110 8.10333  0.108358
111 8.17667  0.108618
112 8.25  0.108765
113 8.32333  0.108859
114 8.39667  0.108879
115 8.47  0.108791
116 8.54333  0.108692
117 8.61667  0.108623
118 8.69  0.108479
119 8.76333  0.108372
120 8.83667  0.108062
121 8.91  0.107796
122 8.98333  0.107571
123 9.05667  0.107288
124 9.13  0.106794
125 9.20333  0.106351
126 9.27667  0.105959
127 9.35  0.105429
128 9.42333  0.10486
129 9.49667  0.10423
130 9.57  0.103747
131 9.64333  0.103153
132 9.71667  0.102398
133 9.79  0.10176
134 9.86333  0.101056
135 9.93667  0.100237
136 10.01  0.0994126
137 10.0833  0.0987007
138 10.1567  0.0979162
139 10.23  0.0971062
140 10.3033  0.0962145
141 10.3767  0.095252
142 10.45  0.0944114
143 10.5233  0.0935702
144 10.5967  0.0926346
145 10.67  0.0917472
146 10.7433  0.0907546
147 10.8167  0.0898859
148 10.89  0.0888297
149 10.9633  0.0878822
150 11.0367  0.0867563
151 11.11  0.0857556
152 11.1833  0.0846085
153 11.2567  0.0836442
154 11.33  0.0825406
155 11.4033  0.081551
156 11.4767  0.080447
157 11.55  0.0794431
158 11.6233  0.0783677
159 11.6967  0.0772602
160 11.77  0.0761691
161 11.8433  0.0751251
162 11.9167  0.0740177
163 11.99  0.0730606
164 12.0633  0.071941
165 12.1367  0.07096
166 12.21  0.0698323
167 12.2833  0.068759
168 12.3567  0.0676193
169 12.43  0.0666159
170 12.5033  0.0654841
171 12.5767  0.0643897
172 12.65  0.0633185
173 12.7233  0.0622291
174 12.7967  0.0611536
175 12.87  0.0601533
176 12.9433  0.059147
177 13.0167  0.0580653
178 13.09  0.057091
179 13.1633  0.056105
180 13.2367  0.0551188
181 13.31  0.0541549
182 13.3833  0.053088
183 13.4567  0.0521919
184 13.53  0.0511628
185 13.6033  0.0501456
186 13.6767  0.049228
187 13.75  0.048253
188 13.8233  0.0473681
189 13.8967  0.0464146
190 13.97  0.0454776
191 14.0433  0.0445488
192 14.1167  0.0437515
193 14.19  0.0428932
194 14.2633  0.0420685
195 14.3367  0.0412015
196 14.41  0.0403736
197 14.4833  0.0394639
198 14.5567  0.0387203
199 14.63  0.0379128
200 14.7033  0.0371148
201 14.7767  0.0363431
202 14.85  0.0355288
203 14.9233  0.0347646
204 14.9967  0.0340228
205 15.07  0.0333017
206 15.1433  0.0325855
207 15.2167  0.0319031
208 15.29  0.0312041
209 15.3633  0.0305609
210 15.4367  0.0299038
211 15.51  0.0292066
212 15.5833  0.0284974
213 15.6567  0.0278727
214 15.73  0.0271932
215 15.8033  0.0266316
216 15.8767  0.0259862
217 15.95  0.0254241
218 16.0233  0.0248386
219 16.0967  0.0242393
220 16.17  0.0237241
221 16.2433  0.0231847
222 16.3167  0.0225754
223 16.39  0.0220239
224 16.4633  0.021485
225 16.5367  0.0209488
226 16.61  0.0204984
227 16.6833  0.0200268
228 16.7567  0.0194748
229 16.83  0.0190388
230 16.9033  0.0186001
231 16.9767  0.0181529
232 17.05  0.0177362
233 17.1233  0.0172362
234 17.1967  0.0168368
235 17.27  0.0164035
236 17.3433  0.0160555
237 17.4167  0.0156605
238 17.49  0.0152707
239 17.5633  0.0148844
240 17.6367  0.0144705
241 17.71  0.0141228
242 17.7833  0.0137495
243 17.8567  0.0133851
244 17.93  0.0130118
245 18.0033  0.0127574
246 18.0767  0.012446
247 18.15  0.0121016
248 18.2233  0.0117566
249 18.2967  0.0114056
250 18.37  0.0110997
251 18.4433  0.010822
252 18.5167  0.0105392
253 18.59  0.0102727
254 18.6633  0.00999227
255 18.7367  0.00977182
256 18.81  0.00950627
257 18.8833  0.00927192
258 18.9567  0.00902261
259 19.03  0.00876391
260 19.1033  0.00853838
261 19.1767  0.00831161
262 19.25  0.00806829
263 19.3233  0.00782915
264 19.3967  0.00763305
265 19.47  0.00740028
266 19.5433  0.00720369
267 19.6167  0.00702949
268 19.69  0.00684663
269 19.7633  0.00664585
270 19.8367  0.00645699
271 19.91  0.00628706
272 19.9833  0.00614148
273 20.0567  0.00595738
274 20.13  0.0057871
275 20.2033  0.00563737
276 20.2767  0.00549221
277 20.35  0.00531296
278 20.4233  0.00516459
279 20.4967  0.00501608
280 20.57  0.00488176
281 20.6433  0.00470915
282 20.7167  0.00461491
283 20.79  0.00446655
284 20.8633  0.00435311
285 20.9367  0.00421706
286 21.01  0.00408538
287 21.0833  0.00396326
288 21.1567  0.0038773
289 21.23  0.00376835
290 21.3033  0.00366993
291 21.3767  0.00354333
292 21.45  0.00344652
293 21.5233  0.00333377
294 21.5967  0.00321417
295 21.67  0.00312214
296 21.7433  0.00301048
297 21.8167  0.00289358
298 21.89  0.0027335
299 21.9633  0.00229696
