0 0.0366667  0.000161647
1 0.11  0.000212525
2 0.183333  0.00027445
3 0.256667  0.000361181
4 0.33  0.000471645
5 0.403333  0.000601741
6 0.476667  0.00074993
7 0.55  0.000926548
8 0.623333  0.00112173
9 0.696667  0.0013303
10 0.77  0.0015571
11 0.843333  0.00179806
12 0.916667  0.00207868
13 0.99  0.0023607
14 1.06333  0.00264653
15 1.13667  0.00297975
16 1.21  0.0033392
17 1.28333  0.00368122
18 1.35667  0.00404956
19 1.43  0.00445307
20 1.50333  0.00486579
21 1.57667  0.00527302
22 1.65  0.00574887
23 1.72333  0.00621213
24 1.79667  0.00663744
25 1.87  0.00710687
26 1.94333  0.00762098
27 2.01667  0.0081186
28 2.09  0.00863286
29 2.16333  0.00911546
30 2.23667  0.00963421
31 2.31  0.010153
32 2.38333  0.010682
33 2.45667  0.0111857
34 2.53  0.0116945
35 2.60333  0.0122415
36 2.67667  0.0127335
37 2.75  0.0132883
38 2.82333  0.0137606
39 2.89667  0.0142349
40 2.97  0.0147421
41 3.04333  0.0151589
42 3.11667  0.0156157
43 3.19  0.0161213
44 3.26333  0.016568
45 3.33667  0.0169965
46 3.41  0.0174097
47 3.48333  0.0178528
48 3.55667  0.0181703
49 3.63  0.0185663
50 3.70333  0.0188603
51 3.77667  0.0191972
52 3.85  0.0195107
53 3.92333  0.0198524
54 3.99667  0.02011
55 4.07  0.0204248
56 4.14333  0.0206571
57 4.21667  0.020865
58 4.29  0.0210774
59 4.36333  0.0213066
60 4.43667  0.0214586
61 4.51  0.0215998
62 4.58333  0.0217714
63 4.65667  0.0219145
64 4.73  0.0219546
65 4.80333  0.022017
66 4.87667  0.0220817
67 4.95  0.0221444
68 5.02333  0.0222495
69 5.09667  0.0222676
70 5.17  0.0222609
71 5.24333  0.0222333
72 5.31667  0.022253
73 5.39  0.0221928
74 5.46333  0.0221762
75 5.53667  0.022108
76 5.61  0.0219927
77 5.68333  0.0218746
78 5.75667  0.0218073
79 5.83  0.0217389
80 5.90333  0.0216081
81 5.97667  0.0215044
82 6.05  0.0213707
83 6.12333  0.0212368
84 6.19667  0.0210275
85 6.27  0.0208853
86 6.34333  0.0206764
87 6.41667  0.0205308
88 6.49  0.0203636
89 6.56333  0.0201142
90 6.63667  0.0198989
91 6.71  0.0197279
92 6.78333  0.0195058
93 6.85667  0.0192814
94 6.93  0.0190254
95 7.00333  0.0187601
96 7.07667  0.0185332
97 7.15  0.0183244
98 7.22333  0.01812
99 7.29667  0.0178606
100 7.37  0.017595
101 7.44333  0.0173683
102 7.51667  0.0171257
103 7.59  0.0169051
104 7.66333  0.016686
105 7.73667  0.0163542
106 7.81  0.0161067
107 7.88333  0.0158452
108 7.95667  0.0156185
109 8.03  0.0153503
110 8.10333  0.0150874
111 8.17667  0.0148698
112 8.25  0.0145822
113 8.32333  0.0143142
114 8.39667  0.0140932
115 8.47  0.0138446
116 8.54333  0.0135247
117 8.61667  0.0133168
118 8.69  0.0130543
119 8.76333  0.012819
120 8.83667  0.0125898
121 8.91  0.0123396
122 8.98333  0.0120888
123 9.05667  0.0118485
124 9.13  0.0116431
125 9.20333  0.0113945
126 9.27667  0.0111585
127 9.35  0.010934
128 9.42333  0.0107434
129 9.49667  0.0104989
130 9.57  0.0102572
131 9.64333  0.0100627
132 9.71667  0.00982491
133 9.79  0.00962192
134 9.86333  0.00940646
135 9.93667  0.00919047
136 10.01  0.00898532
137 10.0833  0.0087589
138 10.1567  0.00856238
139 10.23  0.00836414
140 10.3033  0.00818869
141 10.3767  0.00801784
142 10.45  0.0078205
143 10.5233  0.00762991
144 10.5967  0.00744138
145 10.67  0.00728025
146 10.7433  0.00711503
147 10.8167  0.00690303
148 10.89  0.00674462
149 10.9633  0.00659324
150 11.0367  0.00641472
151 11.11  0.0063074
152 11.1833  0.00615548
153 11.2567  0.00598905
154 11.33  0.00586215
155 11.4033  0.00569957
156 11.4767  0.00555396
157 11.55  0.00544944
158 11.6233  0.0052932
159 11.6967  0.00516785
160 11.77  0.00503592
161 11.8433  0.00491628
162 11.9167  0.00475913
163 11.99  0.00464662
164 12.0633  0.00454245
165 12.1367  0.00441485
166 12.21  0.00430674
167 12.2833  0.00420086
168 12.3567  0.00409014
169 12.43  0.00397652
170 12.5033  0.00386241
171 12.5767  0.0037564
172 12.65  0.00367831
173 12.7233  0.00356907
174 12.7967  0.00345544
175 12.87  0.00336036
176 12.9433  0.00328658
177 13.0167  0.00319165
178 13.09  0.00310055
179 13.1633  0.00301955
180 13.2367  0.00294017
181 13.31  0.00285912
182 13.3833  0.00276618
183 13.4567  0.00272533
184 13.53  0.00265755
185 13.6033  0.00257443
186 13.6767  0.0024939
187 13.75  0.00242768
188 13.8233  0.00233367
189 13.8967  0.00228154
190 13.97  0.00221657
191 14.0433  0.00216965
192 14.1167  0.00212332
193 14.19  0.0020568
194 14.2633  0.00199806
195 14.3367  0.00194052
196 14.41  0.0018804
197 14.4833  0.00182923
198 14.5567  0.0017725
199 14.63  0.00171048
200 14.7033  0.00166778
201 14.7767  0.00162639
202 14.85  0.0015784
203 14.9233  0.00153728
204 14.9967  0.00149515
205 15.07  0.00145713
206 15.1433  0.00141766
207 15.2167  0.00135071
208 15.29  0.00132755
209 15.3633  0.00128246
210 15.4367  0.00124198
211 15.51  0.00119175
212 15.5833  0.00116171
213 15.6567  0.00113295
214 15.73  0.00110655
215 15.8033  0.00108121
216 15.8767  0.00103508
217 15.95  0.0010085
218 16.0233  0.000985993
219 16.0967  0.00094601
220 16.17  0.000920425
221 16.2433  0.000885058
222 16.3167  0.000861708
223 16.39  0.000838722
224 16.4633  0.000815804
225 16.5367  0.0007987
226 16.61  0.000779807
227 16.6833  0.000751415
228 16.7567  0.000726697
229 16.83  0.000707126
230 16.9033  0.000680896
231 16.9767  0.000660279
232 17.05  0.000640601
233 17.1233  0.000615406
234 17.1967  0.000599273
235 17.27  0.000578131
236 17.3433  0.00055484
237 17.4167  0.000542948
238 17.49  0.000525846
239 17.5633  0.000507192
240 17.6367  0.00048925
241 17.71  0.000473363
242 17.7833  0.000463415
243 17.8567  0.000452492
244 17.93  0.000440561
245 18.0033  0.000426496
246 18.0767  0.00041135
247 18.15  0.000395767
248 18.2233  0.000385675
249 18.2967  0.000370909
250 18.37  0.000357418
251 18.4433  0.000343768
252 18.5167  0.000333025
253 18.59  0.000330442
254 18.6633  0.000318834
255 18.7367  0.00030981
256 18.81  0.000301801
257 18.8833  0.000287472
258 18.9567  0.000285075
259 19.03  0.000274172
260 19.1033  0.000262107
261 19.1767  0.000259549
262 19.25  0.000243254
263 19.3233  0.000237524
264 19.3967  0.000239397
265 19.47  0.000228861
266 19.5433  0.000218528
267 19.6167  0.00021252
268 19.69  0.000205114
269 19.7633  0.000198883
270 19.8367  0.000194135
271 19.91  0.000178906
272 19.9833  0.000176008
273 20.0567  0.000172218
274 20.13  0.000168048
275 20.2033  0.000158613
276 20.2767  0.000152844
277 20.35  0.00014776
278 20.4233  0.000140295
279 20.4967  0.000138186
280 20.57  0.000131352
281 20.6433  0.000131168
282 20.7167  0.000133488
283 20.79  0.000126443
284 20.8633  0.000112738
285 20.9367  0.000118503
286 21.01  0.00011408
287 21.0833  0.000108657
288 21.1567  0.000101845
289 21.23  0.000101063
290 21.3033  9.96958e-05
291 21.3767  9.23803e-05
292 21.45  9.25405e-05
293 21.5233  8.76352e-05
294 21.5967  8.31972e-05
295 21.67  8.10941e-05
296 21.7433  7.88782e-05
297 21.8167  7.48533e-05
298 21.89  7.24529e-05
299 21.9633  5.93106e-05
