0 0.0366667  0.000139938
1 0.11  0.000158293
2 0.183333  0.000182202
3 0.256667  0.000219504
4 0.33  0.000264274
5 0.403333  0.000314063
6 0.476667  0.000375866
7 0.55  0.000453886
8 0.623333  0.000536692
9 0.696667  0.000635648
10 0.77  0.000753705
11 0.843333  0.000877468
12 0.916667  0.00101014
13 0.99  0.00115782
14 1.06333  0.00131798
15 1.13667  0.00149188
16 1.21  0.00167096
17 1.28333  0.0018736
18 1.35667  0.00208524
19 1.43  0.00232238
20 1.50333  0.00256894
21 1.57667  0.00283215
22 1.65  0.00309764
23 1.72333  0.00337885
24 1.79667  0.00368103
25 1.87  0.00397663
26 1.94333  0.00429955
27 2.01667  0.00465135
28 2.09  0.00499812
29 2.16333  0.00538954
30 2.23667  0.00576205
31 2.31  0.00614616
32 2.38333  0.00651859
33 2.45667  0.00694962
34 2.53  0.00736366
35 2.60333  0.00776604
36 2.67667  0.0081951
37 2.75  0.00863663
38 2.82333  0.00910556
39 2.89667  0.00954693
40 2.97  0.0100058
41 3.04333  0.010407
42 3.11667  0.0108221
43 3.19  0.0112767
44 3.26333  0.0117166
45 3.33667  0.0121563
46 3.41  0.012605
47 3.48333  0.0129893
48 3.55667  0.0134183
49 3.63  0.0138482
50 3.70333  0.0142739
51 3.77667  0.014666
52 3.85  0.0150288
53 3.92333  0.0154593
54 3.99667  0.0158786
55 4.07  0.0162388
56 4.14333  0.0165861
57 4.21667  0.0169674
58 4.29  0.0172392
59 4.36333  0.0175663
60 4.43667  0.0178953
61 4.51  0.0181955
62 4.58333  0.0184828
63 4.65667  0.0188114
64 4.73  0.0190502
65 4.80333  0.0193544
66 4.87667  0.0195028
67 4.95  0.0197137
68 5.02333  0.0199019
69 5.09667  0.0200764
70 5.17  0.0202147
71 5.24333  0.0203875
72 5.31667  0.0205511
73 5.39  0.0207154
74 5.46333  0.0208005
75 5.53667  0.0209137
76 5.61  0.0209673
77 5.68333  0.021077
78 5.75667  0.0211395
79 5.83  0.0210881
80 5.90333  0.0211425
81 5.97667  0.021198
82 6.05  0.0211827
83 6.12333  0.0212024
84 6.19667  0.0211502
85 6.27  0.0212006
86 6.34333  0.0211035
87 6.41667  0.0210592
88 6.49  0.0209951
89 6.56333  0.0208928
90 6.63667  0.0208232
91 6.71  0.0206867
92 6.78333  0.020554
93 6.85667  0.0205129
94 6.93  0.0203188
95 7.00333  0.0201908
96 7.07667  0.0200833
97 7.15  0.0199291
98 7.22333  0.0197944
99 7.29667  0.0195441
100 7.37  0.0194004
101 7.44333  0.0192719
102 7.51667  0.0190826
103 7.59  0.018877
104 7.66333  0.018696
105 7.73667  0.018474
106 7.81  0.0182616
107 7.88333  0.0180398
108 7.95667  0.0178059
109 8.03  0.0176221
110 8.10333  0.0173913
111 8.17667  0.017165
112 8.25  0.0169231
113 8.32333  0.0166965
114 8.39667  0.0164989
115 8.47  0.0162539
116 8.54333  0.0160323
117 8.61667  0.0157841
118 8.69  0.0155409
119 8.76333  0.0153119
120 8.83667  0.0150778
121 8.91  0.0148865
122 8.98333  0.0145891
123 9.05667  0.014383
124 9.13  0.01412
125 9.20333  0.0139109
126 9.27667  0.0137142
127 9.35  0.0134469
128 9.42333  0.0131983
129 9.49667  0.0129703
130 9.57  0.0127432
131 9.64333  0.012499
132 9.71667  0.0122888
133 9.79  0.0120591
134 9.86333  0.0118042
135 9.93667  0.0115972
136 10.01  0.0113624
137 10.0833  0.0111982
138 10.1567  0.0109829
139 10.23  0.0107474
140 10.3033  0.0105219
141 10.3767  0.0103316
142 10.45  0.010105
143 10.5233  0.00991491
144 10.5967  0.00970757
145 10.67  0.00949383
146 10.7433  0.00932269
147 10.8167  0.00912327
148 10.89  0.00891847
149 10.9633  0.0087289
150 11.0367  0.00852217
151 11.11  0.0083676
152 11.1833  0.00815987
153 11.2567  0.00797843
154 11.33  0.00779405
155 11.4033  0.00760546
156 11.4767  0.00745323
157 11.55  0.00729453
158 11.6233  0.00710819
159 11.6967  0.00694161
160 11.77  0.00674638
161 11.8433  0.00662063
162 11.9167  0.00645204
163 11.99  0.0063184
164 12.0633  0.00617504
165 12.1367  0.00602371
166 12.21  0.00585971
167 12.2833  0.00573887
168 12.3567  0.00555856
169 12.43  0.00542535
170 12.5033  0.00531597
171 12.5767  0.00520174
172 12.65  0.00503124
173 12.7233  0.00489702
174 12.7967  0.00478478
175 12.87  0.0046748
176 12.9433  0.00455678
177 13.0167  0.00446674
178 13.09  0.00435197
179 13.1633  0.00424095
180 13.2367  0.00411144
181 13.31  0.00399554
182 13.3833  0.00390145
183 13.4567  0.00378769
184 13.53  0.00369832
185 13.6033  0.00361251
186 13.6767  0.00351265
187 13.75  0.00341002
188 13.8233  0.00330454
189 13.8967  0.00321576
190 13.97  0.00313569
191 14.0433  0.00306923
192 14.1167  0.00297382
193 14.19  0.00288838
194 14.2633  0.0028081
195 14.3367  0.0027349
196 14.41  0.00266391
197 14.4833  0.00258176
198 14.5567  0.00251395
199 14.63  0.00246177
200 14.7033  0.00237372
201 14.7767  0.00231921
202 14.85  0.00226384
203 14.9233  0.00220803
204 14.9967  0.00213731
205 15.07  0.00208163
206 15.1433  0.00201754
207 15.2167  0.00196855
208 15.29  0.00189674
209 15.3633  0.00183158
210 15.4367  0.00178171
211 15.51  0.00174797
212 15.5833  0.00169261
213 15.6567  0.00165224
214 15.73  0.00159418
215 15.8033  0.00155574
216 15.8767  0.00150739
217 15.95  0.00148323
218 16.0233  0.00142213
219 16.0967  0.00137172
220 16.17  0.00132552
221 16.2433  0.0012909
222 16.3167  0.00125609
223 16.39  0.00121921
224 16.4633  0.00117558
225 16.5367  0.00115529
226 16.61  0.00111933
227 16.6833  0.00108812
228 16.7567  0.00105973
229 16.83  0.00102506
230 16.9033  0.000986377
231 16.9767  0.000955499
232 17.05  0.00092295
233 17.1233  0.000901486
234 17.1967  0.000873421
235 17.27  0.000838868
236 17.3433  0.000822268
237 17.4167  0.000801858
238 17.49  0.000773465
239 17.5633  0.000754681
240 17.6367  0.000730478
241 17.71  0.000717992
242 17.7833  0.000693498
243 17.8567  0.000669999
244 17.93  0.000653239
245 18.0033  0.000624177
246 18.0767  0.000615801
247 18.15  0.000589439
248 18.2233  0.000579521
249 18.2967  0.000566119
250 18.37  0.000540149
251 18.4433  0.000538478
252 18.5167  0.000506258
253 18.59  0.000486564
254 18.6633  0.000476703
255 18.7367  0.00045829
256 18.81  0.000438093
257 18.8833  0.000432722
258 18.9567  0.000417303
259 19.03  0.000406263
260 19.1033  0.000397329
261 19.1767  0.000384724
262 19.25  0.00037621
263 19.3233  0.000356123
264 19.3967  0.000345615
265 19.47  0.000324657
266 19.5433  0.000322941
267 19.6167  0.000318704
268 19.69  0.000302566
269 19.7633  0.000293413
270 19.8367  0.000287545
271 19.91  0.000277375
272 19.9833  0.000268543
273 20.0567  0.000265309
274 20.13  0.000252698
275 20.2033  0.000246067
276 20.2767  0.000236774
277 20.35  0.000226809
278 20.4233  0.00022303
279 20.4967  0.000218801
280 20.57  0.000202377
281 20.6433  0.000198746
282 20.7167  0.000190247
283 20.79  0.000182226
284 20.8633  0.00018266
285 20.9367  0.00017759
286 21.01  0.000169717
287 21.0833  0.000164946
288 21.1567  0.000161422
289 21.23  0.000153825
290 21.3033  0.000149644
291 21.3767  0.000141875
292 21.45  0.000137938
293 21.5233  0.000139234
294 21.5967  0.000133451
295 21.67  0.000129526
296 21.7433  0.00012083
297 21.8167  0.00011739
298 21.89  0.000110269
299 21.9633  9.435e-05
