0 0.0366667  0.000167679
1 0.11  0.000193638
2 0.183333  0.000219998
3 0.256667  0.000259188
4 0.33  0.000308133
5 0.403333  0.000362496
6 0.476667  0.000440702
7 0.55  0.000531794
8 0.623333  0.000647525
9 0.696667  0.00076902
10 0.77  0.00091294
11 0.843333  0.00108546
12 0.916667  0.00129129
13 0.99  0.00151247
14 1.06333  0.00175495
15 1.13667  0.00203564
16 1.21  0.00235323
17 1.28333  0.00270099
18 1.35667  0.00310061
19 1.43  0.00352787
20 1.50333  0.00397802
21 1.57667  0.00447454
22 1.65  0.00502064
23 1.72333  0.00561434
24 1.79667  0.00626742
25 1.87  0.00694512
26 1.94333  0.0076992
27 2.01667  0.00848997
28 2.09  0.00936243
29 2.16333  0.0102574
30 2.23667  0.0112118
31 2.31  0.012214
32 2.38333  0.0132475
33 2.45667  0.0143712
34 2.53  0.0155399
35 2.60333  0.0167076
36 2.67667  0.0179931
37 2.75  0.0192996
38 2.82333  0.0206394
39 2.89667  0.0220501
40 2.97  0.0235202
41 3.04333  0.0250323
42 3.11667  0.0266662
43 3.19  0.0282333
44 3.26333  0.0298778
45 3.33667  0.0315946
46 3.41  0.0333247
47 3.48333  0.0350862
48 3.55667  0.0369107
49 3.63  0.0387309
50 3.70333  0.0405698
51 3.77667  0.0424237
52 3.85  0.0443755
53 3.92333  0.0463161
54 3.99667  0.0483261
55 4.07  0.0502008
56 4.14333  0.0522062
57 4.21667  0.0542288
58 4.29  0.0561738
59 4.36333  0.0581365
60 4.43667  0.0601921
61 4.51  0.0622643
62 4.58333  0.064242
63 4.65667  0.0662172
64 4.73  0.0681328
65 4.80333  0.0700594
66 4.87667  0.0719903
67 4.95  0.073993
68 5.02333  0.0759558
69 5.09667  0.0777756
70 5.17  0.0796002
71 5.24333  0.0814877
72 5.31667  0.0832135
73 5.39  0.0850643
74 5.46333  0.0867265
75 5.53667  0.0883573
76 5.61  0.090057
77 5.68333  0.0914792
78 5.75667  0.0929931
79 5.83  0.0945077
80 5.90333  0.0959693
81 5.97667  0.0973464
82 6.05  0.0985465
83 6.12333  0.0998957
84 6.19667  0.101252
85 6.27  0.10244
86 6.34333  0.103393
87 6.41667  0.104605
88 6.49  0.105524
89 6.56333  0.106528
90 6.63667  0.10728
91 6.71  0.108151
92 6.78333  0.108979
93 6.85667  0.109695
94 6.93  0.110437
95 7.00333  0.111033
96 7.07667  0.111562
97 7.15  0.112089
98 7.22333  0.112387
99 7.29667  0.112801
100 7.37  0.11301
101 7.44333  0.113261
102 7.51667  0.113528
103 7.59  0.113673
104 7.66333  0.113674
105 7.73667  0.113696
106 7.81  0.113557
107 7.88333  0.113599
108 7.95667  0.113497
109 8.03  0.1132
110 8.10333  0.113047
111 8.17667  0.112847
112 8.25  0.112474
113 8.32333  0.112048
114 8.39667  0.111628
115 8.47  0.111165
116 8.54333  0.110745
117 8.61667  0.11021
118 8.69  0.109536
119 8.76333  0.109027
120 8.83667  0.108238
121 8.91  0.107573
122 8.98333  0.106827
123 9.05667  0.106108
124 9.13  0.105291
125 9.20333  0.104467
126 9.27667  0.103629
127 9.35  0.102705
128 9.42333  0.101834
129 9.49667  0.101047
130 9.57  0.0999641
131 9.64333  0.0990644
132 9.71667  0.0979907
133 9.79  0.0969994
134 9.86333  0.0958618
135 9.93667  0.0948098
136 10.01  0.0937686
137 10.0833  0.0928162
138 10.1567  0.0916679
139 10.23  0.090664
140 10.3033  0.0894206
141 10.3767  0.0883766
142 10.45  0.0872674
143 10.5233  0.086165
144 10.5967  0.084871
145 10.67  0.0837613
146 10.7433  0.0826118
147 10.8167  0.081509
148 10.89  0.0803661
149 10.9633  0.0792044
150 11.0367  0.0779328
151 11.11  0.0767588
152 11.1833  0.0756684
153 11.2567  0.0744338
154 11.33  0.0732432
155 11.4033  0.0721025
156 11.4767  0.0709545
157 11.55  0.069843
158 11.6233  0.0686625
159 11.6967  0.06746
160 11.77  0.0662529
161 11.8433  0.0652237
162 11.9167  0.0641845
163 11.99  0.0630667
164 12.0633  0.062042
165 12.1367  0.0607892
166 12.21  0.0596759
167 12.2833  0.058594
168 12.3567  0.0574728
169 12.43  0.0564162
170 12.5033  0.0553362
171 12.5767  0.0542323
172 12.65  0.0532009
173 12.7233  0.0522237
174 12.7967  0.0511631
175 12.87  0.0502241
176 12.9433  0.0491558
177 13.0167  0.0482695
178 13.09  0.0472123
179 13.1633  0.0463071
180 13.2367  0.0453555
181 13.31  0.0443608
182 13.3833  0.0434708
183 13.4567  0.0425522
184 13.53  0.0416472
185 13.6033  0.0407266
186 13.6767  0.0398523
187 13.75  0.0390086
188 13.8233  0.0381809
189 13.8967  0.0373424
190 13.97  0.036616
191 14.0433  0.035794
192 14.1167  0.0350388
193 14.19  0.0341907
194 14.2633  0.0333134
195 14.3367  0.0326551
196 14.41  0.0319448
197 14.4833  0.0311922
198 14.5567  0.0304681
199 14.63  0.0297885
200 14.7033  0.02914
201 14.7767  0.028442
202 14.85  0.0277787
203 14.9233  0.0271281
204 14.9967  0.0264251
205 15.07  0.0258125
206 15.1433  0.025209
207 15.2167  0.0246051
208 15.29  0.0240469
209 15.3633  0.0234639
210 15.4367  0.0228889
211 15.51  0.0223544
212 15.5833  0.021717
213 15.6567  0.0211835
214 15.73  0.0206532
215 15.8033  0.0202155
216 15.8767  0.0197237
217 15.95  0.0192606
218 16.0233  0.0187386
219 16.0967  0.0182695
220 16.17  0.0177957
221 16.2433  0.0174166
222 16.3167  0.0168952
223 16.39  0.0164868
224 16.4633  0.0160532
225 16.5367  0.0156486
226 16.61  0.015236
227 16.6833  0.0148939
228 16.7567  0.0144954
229 16.83  0.0140995
230 16.9033  0.0137199
231 16.9767  0.0133706
232 17.05  0.0130651
233 17.1233  0.0127129
234 17.1967  0.0123738
235 17.27  0.0120289
236 17.3433  0.0117249
237 17.4167  0.011436
238 17.49  0.011106
239 17.5633  0.010789
240 17.6367  0.0105672
241 17.71  0.0102985
242 17.7833  0.00998255
243 17.8567  0.0096711
244 17.93  0.00943469
245 18.0033  0.00919218
246 18.0767  0.00892575
247 18.15  0.00868308
248 18.2233  0.00842562
249 18.2967  0.00820768
250 18.37  0.00797685
251 18.4433  0.00776896
252 18.5167  0.00756698
253 18.59  0.00734415
254 18.6633  0.00715587
255 18.7367  0.0069746
256 18.81  0.0067569
257 18.8833  0.00655631
258 18.9567  0.00634336
259 19.03  0.00616983
260 19.1033  0.00599685
261 19.1767  0.00585107
262 19.25  0.00569209
263 19.3233  0.00552477
264 19.3967  0.00537726
265 19.47  0.00520919
266 19.5433  0.0050822
267 19.6167  0.00494279
268 19.69  0.00482679
269 19.7633  0.00467964
270 19.8367  0.00450214
271 19.91  0.00437945
272 19.9833  0.0042322
273 20.0567  0.00410722
274 20.13  0.0040133
275 20.2033  0.00390102
276 20.2767  0.00378547
277 20.35  0.00369811
278 20.4233  0.0035857
279 20.4967  0.00347219
280 20.57  0.00336725
281 20.6433  0.0032815
282 20.7167  0.00319838
283 20.79  0.00309065
284 20.8633  0.00295943
285 20.9367  0.00288347
286 21.01  0.00279171
287 21.0833  0.00274167
288 21.1567  0.00263377
289 21.23  0.00257511
290 21.3033  0.00249088
291 21.3767  0.00241795
292 21.45  0.00232472
293 21.5233  0.00226218
294 21.5967  0.0022102
295 21.67  0.00214429
296 21.7433  0.00205409
297 21.8167  0.00196739
298 21.89  0.00186865
299 21.9633  0.00155952
