0 0.0366667  2.35734e-05
1 0.11  3.94989e-05
2 0.183333  5.58192e-05
3 0.256667  7.59525e-05
4 0.33  9.92828e-05
5 0.403333  0.000125477
6 0.476667  0.000156386
7 0.55  0.00019104
8 0.623333  0.000231379
9 0.696667  0.000276798
10 0.77  0.000329828
11 0.843333  0.000390825
12 0.916667  0.000460129
13 0.99  0.00054266
14 1.06333  0.000627442
15 1.13667  0.00072297
16 1.21  0.000825353
17 1.28333  0.000930878
18 1.35667  0.00105369
19 1.43  0.0011922
20 1.50333  0.00133694
21 1.57667  0.00149838
22 1.65  0.00167176
23 1.72333  0.00184899
24 1.79667  0.00204713
25 1.87  0.00225561
26 1.94333  0.00247876
27 2.01667  0.00269918
28 2.09  0.002936
29 2.16333  0.0032032
30 2.23667  0.00346147
31 2.31  0.00373156
32 2.38333  0.00400928
33 2.45667  0.00430464
34 2.53  0.00461114
35 2.60333  0.00491496
36 2.67667  0.00525378
37 2.75  0.00561044
38 2.82333  0.00591199
39 2.89667  0.00625652
40 2.97  0.00662904
41 3.04333  0.00700463
42 3.11667  0.00737295
43 3.19  0.00775713
44 3.26333  0.00813639
45 3.33667  0.0085057
46 3.41  0.00890849
47 3.48333  0.00929543
48 3.55667  0.00969865
49 3.63  0.0100695
50 3.70333  0.0104647
51 3.77667  0.0108585
52 3.85  0.0112486
53 3.92333  0.0116221
54 3.99667  0.0120029
55 4.07  0.0123633
56 4.14333  0.0127722
57 4.21667  0.0131294
58 4.29  0.0135072
59 4.36333  0.013885
60 4.43667  0.014239
61 4.51  0.0145405
62 4.58333  0.0148729
63 4.65667  0.0152182
64 4.73  0.0155637
65 4.80333  0.015906
66 4.87667  0.0161809
67 4.95  0.0164359
68 5.02333  0.016722
69 5.09667  0.0170048
70 5.17  0.0172952
71 5.24333  0.0175604
72 5.31667  0.017835
73 5.39  0.0180102
74 5.46333  0.0182456
75 5.53667  0.018436
76 5.61  0.0186272
77 5.68333  0.0187627
78 5.75667  0.0189725
79 5.83  0.0190984
80 5.90333  0.0192372
81 5.97667  0.0194014
82 6.05  0.0195156
83 6.12333  0.0196361
84 6.19667  0.019751
85 6.27  0.0198489
86 6.34333  0.0199248
87 6.41667  0.0199497
88 6.49  0.019961
89 6.56333  0.0199811
90 6.63667  0.020023
91 6.71  0.0200281
92 6.78333  0.020034
93 6.85667  0.0200323
94 6.93  0.0199941
95 7.00333  0.0200042
96 7.07667  0.0200303
97 7.15  0.0199301
98 7.22333  0.0198608
99 7.29667  0.0198536
100 7.37  0.0197418
101 7.44333  0.0196755
102 7.51667  0.019566
103 7.59  0.0194646
104 7.66333  0.0194068
105 7.73667  0.0192466
106 7.81  0.0191829
107 7.88333  0.019022
108 7.95667  0.0189009
109 8.03  0.0187868
110 8.10333  0.0186245
111 8.17667  0.018497
112 8.25  0.0183642
113 8.32333  0.0181352
114 8.39667  0.0179848
115 8.47  0.0178107
116 8.54333  0.0176464
117 8.61667  0.0174423
118 8.69  0.0172811
119 8.76333  0.0170636
120 8.83667  0.0168655
121 8.91  0.0166585
122 8.98333  0.0164724
123 9.05667  0.016244
124 9.13  0.0160859
125 9.20333  0.0159176
126 9.27667  0.0156848
127 9.35  0.0154666
128 9.42333  0.0152532
129 9.49667  0.0150221
130 9.57  0.0148115
131 9.64333  0.0146157
132 9.71667  0.0144465
133 9.79  0.0142499
134 9.86333  0.0140688
135 9.93667  0.0138081
136 10.01  0.0135416
137 10.0833  0.0133545
138 10.1567  0.0131344
139 10.23  0.0129053
140 10.3033  0.012692
141 10.3767  0.0124698
142 10.45  0.0122443
143 10.5233  0.0120209
144 10.5967  0.0118378
145 10.67  0.011625
146 10.7433  0.0114343
147 10.8167  0.0111597
148 10.89  0.0109822
149 10.9633  0.0107843
150 11.0367  0.0106062
151 11.11  0.0104192
152 11.1833  0.0101924
153 11.2567  0.0100119
154 11.33  0.009797
155 11.4033  0.00961708
156 11.4767  0.00941277
157 11.55  0.00922689
158 11.6233  0.00907889
159 11.6967  0.00886534
160 11.77  0.00866432
161 11.8433  0.00849809
162 11.9167  0.008315
163 11.99  0.00812448
164 12.0633  0.00796346
165 12.1367  0.00782923
166 12.21  0.00765463
167 12.2833  0.00744858
168 12.3567  0.00732819
169 12.43  0.00717968
170 12.5033  0.00702852
171 12.5767  0.00683988
172 12.65  0.00670682
173 12.7233  0.00657442
174 12.7967  0.00643306
175 12.87  0.00628558
176 12.9433  0.00612828
177 13.0167  0.0059846
178 13.09  0.00584368
179 13.1633  0.00570637
180 13.2367  0.00558516
181 13.31  0.00544307
182 13.3833  0.0053187
183 13.4567  0.00520282
184 13.53  0.00507671
185 13.6033  0.00495268
186 13.6767  0.00483942
187 13.75  0.00471756
188 13.8233  0.00460333
189 13.8967  0.00448858
190 13.97  0.00439364
191 14.0433  0.0042894
192 14.1167  0.00419079
193 14.19  0.0040998
194 14.2633  0.00398512
195 14.3367  0.00388113
196 14.41  0.0037694
197 14.4833  0.00368038
198 14.5567  0.00357571
199 14.63  0.00348427
200 14.7033  0.00339149
201 14.7767  0.0033014
202 14.85  0.00321594
203 14.9233  0.0031466
204 14.9967  0.00305901
205 15.07  0.00299325
206 15.1433  0.00288503
207 15.2167  0.00282117
208 15.29  0.00276629
209 15.3633  0.00267841
210 15.4367  0.00259789
211 15.51  0.00251826
212 15.5833  0.00246301
213 15.6567  0.00240303
214 15.73  0.00233833
215 15.8033  0.00226293
216 15.8767  0.00219756
217 15.95  0.00214888
218 16.0233  0.0020736
219 16.0967  0.00201832
220 16.17  0.00196617
221 16.2433  0.00189251
222 16.3167  0.00185711
223 16.39  0.00180297
224 16.4633  0.00173538
225 16.5367  0.00167492
226 16.61  0.00163766
227 16.6833  0.00159321
228 16.7567  0.00155375
229 16.83  0.00151751
230 16.9033  0.0014713
231 16.9767  0.00142882
232 17.05  0.0013991
233 17.1233  0.00136752
234 17.1967  0.00132513
235 17.27  0.00128778
236 17.3433  0.00125104
237 17.4167  0.00122341
238 17.49  0.00118705
239 17.5633  0.0011458
240 17.6367  0.00108991
241 17.71  0.00106375
242 17.7833  0.00104093
243 17.8567  0.00101575
244 17.93  0.000978332
245 18.0033  0.000941933
246 18.0767  0.000917109
247 18.15  0.000897932
248 18.2233  0.000874786
249 18.2967  0.000857288
250 18.37  0.000814603
251 18.4433  0.000791441
252 18.5167  0.000774963
253 18.59  0.000743111
254 18.6633  0.000726952
255 18.7367  0.000704799
256 18.81  0.000691347
257 18.8833  0.000666653
258 18.9567  0.000649126
259 19.03  0.000626242
260 19.1033  0.000612534
261 19.1767  0.000593955
262 19.25  0.000573815
263 19.3233  0.000547655
264 19.3967  0.000542357
265 19.47  0.000521483
266 19.5433  0.000505175
267 19.6167  0.000481956
268 19.69  0.000472175
269 19.7633  0.00045489
270 19.8367  0.000436904
271 19.91  0.000431398
272 19.9833  0.000418542
273 20.0567  0.000409481
274 20.13  0.000390735
275 20.2033  0.000380627
276 20.2767  0.000363993
277 20.35  0.000351009
278 20.4233  0.000347524
279 20.4967  0.00033961
280 20.57  0.000329273
281 20.6433  0.000319521
282 20.7167  0.00031544
283 20.79  0.00030891
284 20.8633  0.000292626
285 20.9367  0.000278953
286 21.01  0.000275197
287 21.0833  0.000270566
288 21.1567  0.000258937
289 21.23  0.00025658
290 21.3033  0.00024285
291 21.3767  0.000231605
292 21.45  0.000228271
293 21.5233  0.000218523
294 21.5967  0.000208039
295 21.67  0.000202379
296 21.7433  0.000196911
297 21.8167  0.000184189
298 21.89  0.000173412
299 21.9633  0.000151519
