0 0.0366667  3.34085e-05
1 0.11  5.6001e-05
2 0.183333  8.3237e-05
3 0.256667  0.000114136
4 0.33  0.000154983
5 0.403333  0.000204889
6 0.476667  0.00026092
7 0.55  0.000330651
8 0.623333  0.000413198
9 0.696667  0.000511346
10 0.77  0.000617964
11 0.843333  0.000739722
12 0.916667  0.00087997
13 0.99  0.0010324
14 1.06333  0.00120706
15 1.13667  0.00139477
16 1.21  0.00159378
17 1.28333  0.00183026
18 1.35667  0.00206421
19 1.43  0.00232229
20 1.50333  0.00258076
21 1.57667  0.00287518
22 1.65  0.0031668
23 1.72333  0.0034729
24 1.79667  0.00381319
25 1.87  0.00416206
26 1.94333  0.00453178
27 2.01667  0.00488627
28 2.09  0.00530553
29 2.16333  0.00569002
30 2.23667  0.00608106
31 2.31  0.00651931
32 2.38333  0.00698622
33 2.45667  0.00740163
34 2.53  0.00787331
35 2.60333  0.00831869
36 2.67667  0.0087664
37 2.75  0.00922434
38 2.82333  0.00969416
39 2.89667  0.0101414
40 2.97  0.0106348
41 3.04333  0.0111127
42 3.11667  0.0115621
43 3.19  0.0120083
44 3.26333  0.0125105
45 3.33667  0.0129836
46 3.41  0.013385
47 3.48333  0.01382
48 3.55667  0.0142658
49 3.63  0.0146846
50 3.70333  0.0151546
51 3.77667  0.0155258
52 3.85  0.0159712
53 3.92333  0.0163474
54 3.99667  0.0167472
55 4.07  0.0171273
56 4.14333  0.0174483
57 4.21667  0.017781
58 4.29  0.0180855
59 4.36333  0.0184317
60 4.43667  0.018715
61 4.51  0.0189856
62 4.58333  0.0192231
63 4.65667  0.0194819
64 4.73  0.0197229
65 4.80333  0.0199754
66 4.87667  0.0201619
67 4.95  0.0203287
68 5.02333  0.020479
69 5.09667  0.0206947
70 5.17  0.0207502
71 5.24333  0.0209116
72 5.31667  0.0210503
73 5.39  0.0211008
74 5.46333  0.0212072
75 5.53667  0.0212899
76 5.61  0.0213503
77 5.68333  0.0213258
78 5.75667  0.0213691
79 5.83  0.0214356
80 5.90333  0.0214285
81 5.97667  0.0214067
82 6.05  0.0213707
83 6.12333  0.0213418
84 6.19667  0.0212516
85 6.27  0.0211979
86 6.34333  0.0211418
87 6.41667  0.0210643
88 6.49  0.0209998
89 6.56333  0.020903
90 6.63667  0.0207755
91 6.71  0.020631
92 6.78333  0.020545
93 6.85667  0.0203786
94 6.93  0.0202763
95 7.00333  0.0201032
96 7.07667  0.0199326
97 7.15  0.0197213
98 7.22333  0.0195854
99 7.29667  0.0194048
100 7.37  0.0192257
101 7.44333  0.0190006
102 7.51667  0.0188051
103 7.59  0.0185866
104 7.66333  0.0184401
105 7.73667  0.0182403
106 7.81  0.0180057
107 7.88333  0.0177745
108 7.95667  0.0175872
109 8.03  0.0173981
110 8.10333  0.017131
111 8.17667  0.0169184
112 8.25  0.0166472
113 8.32333  0.0163902
114 8.39667  0.0161647
115 8.47  0.0159203
116 8.54333  0.0156236
117 8.61667  0.0154172
118 8.69  0.0151875
119 8.76333  0.0149631
120 8.83667  0.0146813
121 8.91  0.0144435
122 8.98333  0.0141808
123 9.05667  0.0140217
124 9.13  0.0137711
125 9.20333  0.0135345
126 9.27667  0.013285
127 9.35  0.01306
128 9.42333  0.0128193
129 9.49667  0.0125496
130 9.57  0.0123704
131 9.64333  0.0121368
132 9.71667  0.0118891
133 9.79  0.0116776
134 9.86333  0.0114192
135 9.93667  0.0112216
136 10.01  0.0110039
137 10.0833  0.0107954
138 10.1567  0.0105592
139 10.23  0.0103858
140 10.3033  0.0101298
141 10.3767  0.0099373
142 10.45  0.00973374
143 10.5233  0.00954746
144 10.5967  0.00934043
145 10.67  0.00911843
146 10.7433  0.00891186
147 10.8167  0.00872
148 10.89  0.00855839
149 10.9633  0.00837691
150 11.0367  0.00815671
151 11.11  0.00799303
152 11.1833  0.0078291
153 11.2567  0.00764336
154 11.33  0.00744434
155 11.4033  0.0072705
156 11.4767  0.00709883
157 11.55  0.00694853
158 11.6233  0.00676348
159 11.6967  0.00658476
160 11.77  0.00643757
161 11.8433  0.00629743
162 11.9167  0.00615887
163 11.99  0.00600253
164 12.0633  0.00584444
165 12.1367  0.00572832
166 12.21  0.00559385
167 12.2833  0.00542296
168 12.3567  0.00527817
169 12.43  0.00515612
170 12.5033  0.00505417
171 12.5767  0.00490969
172 12.65  0.00480134
173 12.7233  0.00466735
174 12.7967  0.00454873
175 12.87  0.0044023
176 12.9433  0.00430877
177 13.0167  0.00420823
178 13.09  0.00409847
179 13.1633  0.00398602
180 13.2367  0.00391377
181 13.31  0.00381622
182 13.3833  0.00371492
183 13.4567  0.00360744
184 13.53  0.00352614
185 13.6033  0.0034099
186 13.6767  0.00331575
187 13.75  0.00321567
188 13.8233  0.00315495
189 13.8967  0.00305255
190 13.97  0.00298296
191 14.0433  0.00290323
192 14.1167  0.00281643
193 14.19  0.00274597
194 14.2633  0.00267821
195 14.3367  0.00260259
196 14.41  0.00253761
197 14.4833  0.00246486
198 14.5567  0.00238905
199 14.63  0.00230829
200 14.7033  0.00225223
201 14.7767  0.00220546
202 14.85  0.00215718
203 14.9233  0.0020953
204 14.9967  0.00201972
205 15.07  0.00197537
206 15.1433  0.0019172
207 15.2167  0.0018587
208 15.29  0.00181222
209 15.3633  0.00176776
210 15.4367  0.00172343
211 15.51  0.00166765
212 15.5833  0.00161806
213 15.6567  0.00156633
214 15.73  0.00152742
215 15.8033  0.00148846
216 15.8767  0.00145687
217 15.95  0.00140049
218 16.0233  0.00135542
219 16.0967  0.00131924
220 16.17  0.00127774
221 16.2433  0.00124271
222 16.3167  0.00121112
223 16.39  0.00116188
224 16.4633  0.00112654
225 16.5367  0.0011052
226 16.61  0.00108076
227 16.6833  0.00105469
228 16.7567  0.00102156
229 16.83  0.000969662
230 16.9033  0.000937767
231 16.9767  0.000916503
232 17.05  0.000888278
233 17.1233  0.000865609
234 17.1967  0.000842486
235 17.27  0.000812673
236 17.3433  0.000783498
237 17.4167  0.00076108
238 17.49  0.000746572
239 17.5633  0.000711977
240 17.6367  0.000685919
241 17.71  0.000668748
242 17.7833  0.000642066
243 17.8567  0.000643776
244 17.93  0.000617039
245 18.0033  0.000590924
246 18.0767  0.000572567
247 18.15  0.000562255
248 18.2233  0.000550104
249 18.2967  0.000541278
250 18.37  0.00051756
251 18.4433  0.000510455
252 18.5167  0.000486996
253 18.59  0.000466534
254 18.6633  0.000455659
255 18.7367  0.000436958
256 18.81  0.000425249
257 18.8833  0.000413702
258 18.9567  0.000400291
259 19.03  0.000390259
260 19.1033  0.000373306
261 19.1767  0.000360311
262 19.25  0.000356204
263 19.3233  0.000339593
264 19.3967  0.000332829
265 19.47  0.000321906
266 19.5433  0.000309848
267 19.6167  0.000305513
268 19.69  0.000305134
269 19.7633  0.000289367
270 19.8367  0.000278306
271 19.91  0.000261999
272 19.9833  0.000257933
273 20.0567  0.000251511
274 20.13  0.000240856
275 20.2033  0.000238825
276 20.2767  0.000229028
277 20.35  0.000223364
278 20.4233  0.000213233
279 20.4967  0.000205707
280 20.57  0.000200009
281 20.6433  0.000190179
282 20.7167  0.000183496
283 20.79  0.00018246
284 20.8633  0.000176416
285 20.9367  0.000168612
286 21.01  0.000164273
287 21.0833  0.000160595
288 21.1567  0.000154523
289 21.23  0.000149837
290 21.3033  0.000147635
291 21.3767  0.000143833
292 21.45  0.000133576
293 21.5233  0.000129311
294 21.5967  0.000125373
295 21.67  0.000122182
296 21.7433  0.000123433
297 21.8167  0.000115311
298 21.89  0.000105831
299 21.9633  8.65625e-05
