0 0.0366667  0.00027015
1 0.11  0.000348511
2 0.183333  0.000455987
3 0.256667  0.000617838
4 0.33  0.00082299
5 0.403333  0.00107633
6 0.476667  0.00138683
7 0.55  0.00176862
8 0.623333  0.00222747
9 0.696667  0.00274113
10 0.77  0.00333306
11 0.843333  0.00401767
12 0.916667  0.00478257
13 0.99  0.0056177
14 1.06333  0.00654985
15 1.13667  0.00756225
16 1.21  0.00867466
17 1.28333  0.00991706
18 1.35667  0.0112481
19 1.43  0.0126694
20 1.50333  0.0141204
21 1.57667  0.0157558
22 1.65  0.0174405
23 1.72333  0.019239
24 1.79667  0.0211726
25 1.87  0.023109
26 1.94333  0.0251885
27 2.01667  0.0273294
28 2.09  0.0295611
29 2.16333  0.0318489
30 2.23667  0.0342133
31 2.31  0.0366489
32 2.38333  0.039115
33 2.45667  0.0417178
34 2.53  0.0444504
35 2.60333  0.0471037
36 2.67667  0.0497712
37 2.75  0.0525476
38 2.82333  0.0552538
39 2.89667  0.0580196
40 2.97  0.0608245
41 3.04333  0.0636447
42 3.11667  0.0664145
43 3.19  0.0692303
44 3.26333  0.0719719
45 3.33667  0.0747871
46 3.41  0.0774453
47 3.48333  0.0801943
48 3.55667  0.08282
49 3.63  0.0853945
50 3.70333  0.0880476
51 3.77667  0.0905899
52 3.85  0.093003
53 3.92333  0.0953844
54 3.99667  0.097676
55 4.07  0.0998538
56 4.14333  0.102205
57 4.21667  0.104183
58 4.29  0.106284
59 4.36333  0.108139
60 4.43667  0.110109
61 4.51  0.111916
62 4.58333  0.113544
63 4.65667  0.115158
64 4.73  0.116726
65 4.80333  0.11812
66 4.87667  0.119533
67 4.95  0.120725
68 5.02333  0.121805
69 5.09667  0.122951
70 5.17  0.123805
71 5.24333  0.124716
72 5.31667  0.125553
73 5.39  0.126327
74 5.46333  0.126807
75 5.53667  0.127317
76 5.61  0.127841
77 5.68333  0.128112
78 5.75667  0.128398
79 5.83  0.128528
80 5.90333  0.128449
81 5.97667  0.128534
82 6.05  0.128442
83 6.12333  0.128361
84 6.19667  0.128051
85 6.27  0.127754
86 6.34333  0.127402
87 6.41667  0.126954
88 6.49  0.126461
89 6.56333  0.125896
90 6.63667  0.125286
91 6.71  0.124564
92 6.78333  0.123832
93 6.85667  0.123067
94 6.93  0.122235
95 7.00333  0.1213
96 7.07667  0.120385
97 7.15  0.119501
98 7.22333  0.11849
99 7.29667  0.117472
100 7.37  0.116388
101 7.44333  0.115268
102 7.51667  0.114134
103 7.59  0.112793
104 7.66333  0.111739
105 7.73667  0.110433
106 7.81  0.10913
107 7.88333  0.107781
108 7.95667  0.106508
109 8.03  0.105214
110 8.10333  0.103967
111 8.17667  0.1025
112 8.25  0.101071
113 8.32333  0.0998284
114 8.39667  0.098253
115 8.47  0.0968721
116 8.54333  0.0954915
117 8.61667  0.094145
118 8.69  0.0926471
119 8.76333  0.0912397
120 8.83667  0.0896886
121 8.91  0.0883537
122 8.98333  0.0869095
123 9.05667  0.085467
124 9.13  0.0841454
125 9.20333  0.0826354
126 9.27667  0.0812707
127 9.35  0.0798245
128 9.42333  0.0784268
129 9.49667  0.0770113
130 9.57  0.0756783
131 9.64333  0.0741624
132 9.71667  0.0727988
133 9.79  0.07139
134 9.86333  0.0699786
135 9.93667  0.0686623
136 10.01  0.0673861
137 10.0833  0.0660243
138 10.1567  0.0647185
139 10.23  0.0634312
140 10.3033  0.062189
141 10.3767  0.0609485
142 10.45  0.059759
143 10.5233  0.0584526
144 10.5967  0.0571915
145 10.67  0.0559794
146 10.7433  0.054807
147 10.8167  0.0536335
148 10.89  0.0525412
149 10.9633  0.0513973
150 11.0367  0.0503605
151 11.11  0.0491282
152 11.1833  0.0479805
153 11.2567  0.0468659
154 11.33  0.045854
155 11.4033  0.0448204
156 11.4767  0.0438727
157 11.55  0.0428177
158 11.6233  0.0417963
159 11.6967  0.0408108
160 11.77  0.0398475
161 11.8433  0.0389356
162 11.9167  0.0379951
163 11.99  0.0371184
164 12.0633  0.0362346
165 12.1367  0.0353911
166 12.21  0.0345619
167 12.2833  0.0336135
168 12.3567  0.0328014
169 12.43  0.0319677
170 12.5033  0.0312348
171 12.5767  0.0304406
172 12.65  0.0296705
173 12.7233  0.0288995
174 12.7967  0.0281442
175 12.87  0.0274231
176 12.9433  0.0267578
177 13.0167  0.0261124
178 13.09  0.0253989
179 13.1633  0.0247533
180 13.2367  0.0241171
181 13.31  0.0234567
182 13.3833  0.0228366
183 13.4567  0.0222605
184 13.53  0.0216661
185 13.6033  0.0210686
186 13.6767  0.0205202
187 13.75  0.0200066
188 13.8233  0.019451
189 13.8967  0.0189427
190 13.97  0.0184784
191 14.0433  0.0179496
192 14.1167  0.0174365
193 14.19  0.016948
194 14.2633  0.0165198
195 14.3367  0.0160542
196 14.41  0.0156372
197 14.4833  0.0151865
198 14.5567  0.0148342
199 14.63  0.0143894
200 14.7033  0.0139671
201 14.7767  0.0135335
202 14.85  0.0131319
203 14.9233  0.0128053
204 14.9967  0.0124369
205 15.07  0.012138
206 15.1433  0.011799
207 15.2167  0.0114597
208 15.29  0.0111397
209 15.3633  0.0108014
210 15.4367  0.010515
211 15.51  0.0101936
212 15.5833  0.00987856
213 15.6567  0.00961519
214 15.73  0.00937913
215 15.8033  0.00908561
216 15.8767  0.00881848
217 15.95  0.00854092
218 16.0233  0.00831395
219 16.0967  0.00805264
220 16.17  0.00780186
221 16.2433  0.0075645
222 16.3167  0.00736108
223 16.39  0.0071274
224 16.4633  0.00694409
225 16.5367  0.00674214
226 16.61  0.00650725
227 16.6833  0.00630981
228 16.7567  0.00611421
229 16.83  0.00595182
230 16.9033  0.00581349
231 16.9767  0.00559379
232 17.05  0.00545492
233 17.1233  0.0052775
234 17.1967  0.00512871
235 17.27  0.0049883
236 17.3433  0.00482495
237 17.4167  0.00468305
238 17.49  0.00454278
239 17.5633  0.00440464
240 17.6367  0.00426913
241 17.71  0.00414273
242 17.7833  0.00400262
243 17.8567  0.00386677
244 17.93  0.00377214
245 18.0033  0.00366013
246 18.0767  0.00352773
247 18.15  0.00343569
248 18.2233  0.00334003
249 18.2967  0.00323807
250 18.37  0.00312475
251 18.4433  0.0030233
252 18.5167  0.00294454
253 18.59  0.00282782
254 18.6633  0.00274308
255 18.7367  0.00265147
256 18.81  0.00257252
257 18.8833  0.00250071
258 18.9567  0.00243105
259 19.03  0.00235502
260 19.1033  0.00228476
261 19.1767  0.00221334
262 19.25  0.00213876
263 19.3233  0.00207284
264 19.3967  0.00201333
265 19.47  0.0019471
266 19.5433  0.0018833
267 19.6167  0.00182527
268 19.69  0.00177744
269 19.7633  0.00171341
270 19.8367  0.00167103
271 19.91  0.00162052
272 19.9833  0.00156441
273 20.0567  0.00152149
274 20.13  0.00146747
275 20.2033  0.00142198
276 20.2767  0.00137076
277 20.35  0.00133018
278 20.4233  0.00127526
279 20.4967  0.00125455
280 20.57  0.00119992
281 20.6433  0.00116425
282 20.7167  0.00112975
283 20.79  0.0011034
284 20.8633  0.00105937
285 20.9367  0.00102512
286 21.01  0.00098806
287 21.0833  0.000965433
288 21.1567  0.000922763
289 21.23  0.000907941
290 21.3033  0.000874518
291 21.3767  0.000848244
292 21.45  0.000819127
293 21.5233  0.000787177
294 21.5967  0.000763134
295 21.67  0.000730635
296 21.7433  0.0006947
297 21.8167  0.000668011
298 21.89  0.000626498
299 21.9633  0.000524845
